2 24 0 0 67 32 10 0 1 25 0 0 
0 0 0 1 9 0 0 0 0 0 0 0 
0 1 0 0 0 0 0 0 0 0 1 0 
0 0 0 0 0 0 0 1 0 0 0 0 
0 0 0 0 1 0 0 0 0 0 0 0 
0 1 0 0 0 0 1 0 0 0 1 0 
0 1 0 0 1 1 0 1 0 0 1 0 
1 0 1 1 1 0 0 0 1 1 0 1 
0 1 0 0 0 0 0 0 1 0 1 0 
0 1 0 1 1 1 1 1 0 0 1 1 
1 1 1 0 1 0 0 0 1 1 1 0 
0 1 0 0 0 1 0 0 0 0 1 0 
0 0 1 0 1 0 0 1 0 0 0 1 
0 1 0 0 1 0 0 0 0 0 0 0 
0 1 0 0 1 0 0 0 0 0 1 0 
0 0 1 0 0 0 0 1 0 0 1 1 
0 0 0 0 1 0 0 1 0 0 0 0 
0 1 0 0 0 0 0 0 0 0 1 0 
0 1 1 0 0 0 0 1 0 0 0 1 
0 0 0 0 0 0 0 0 0 0 0 0 
0 0 0 0 0 0 0 0 0 0 0 0 
0 0 1 0 0 0 0 0 0 0 0 0 
0 0 0 0 0 0 0 0 0 0 0 0 
0 0 0 0 0 0 0 0 0 0 0 0 
0 0 0 0 0 0 0 0 0 0 0 0 
0 0 0 0 0 0 464026 129843 